23;53,538096;43,704523
23;53,536533;43,707608
27;55,89848;60,729644
27;55,900368;60,729794
27;55,903384;60,732085
28;57,668776;39,839836
28;57,668829;39,838681
28;57,670482;39,835225
28;57,671808;39,832609
28;57,672002;39,834335
29;54,928402;73,376845
29;54,928019;73,375818
29;54,927717;73,375038
29;54,927147;73,373727
29;54,926816;73,373477
29;54,926469;73,37324
29;54,926259;73,372914
29;54,925849;73,372116
29;54,92563;73,371967
29;54,924996;73,372089
29;54,924732;73,372103
29;54,924544;73,371899
29;54,924282;73,371116
29;54,923821;73,369621
29;54,923429;73,368431
29;54,923216;73,36802
29;54,921006;73,36677
