22;55,748799;37,617062
22;55,748079;37,614108
22;55,74786;37,612719
22;55,748418;37,61172
22;55,748898;37,611243
22;55,749032;37,611321
22;55,749;37,612469
22;55,748997;37,612533
22;55,749279;37,614037
22;55,750679;37,614485
23;53,550288;43,663282
23;53,54942;43,671685
28;57,684035;39,88136
28;57,683994;39,879218
28;57,683679;39,877014
28;57,683062;39,874824
28;57,682249;39,873117
28;57,680063;39,870141
29;54,955039;73,38742
29;54,954853;73,387465
29;54,954205;73,387594
29;54,953283;73,387797
29;54,952408;73,388002
29;54,951704;73,387977
29;54,951095;73,387909
29;54,950736;73,387837
29;54,949974;73,387664
29;54,949542;73,38749
29;54,948739;73,387106
