22;55,754485;37,612122
22;55,755861;37,6136
22;55,756914;37,615059
22;55,758456;37,617821
23;53,544027;43,688186
23;53,542769;43,691977
23;53,541341;43,696236
27;55,891639;60,723148
27;55,893182;60,72529
27;55,896377;60,729177
28;57,669587;39,842683
29;54,938464;73,382243
29;54,936244;73,381199
29;54,934995;73,380598
29;54,934749;73,380526
29;54,934562;73,380603
29;54,933562;73,381213
29;54,933111;73,381487
29;54,932834;73,381531
29;54,932659;73,381408
29;54,931257;73,379412
29;54,931007;73,379175
29;54,930712;73,379018
29;54,930347;73,37898
29;54,930137;73,379208
29;54,929917;73,379107
29;54,929316;73,378385
29;54,929044;73,37816
29;54,928795;73,377814
