22;55,758322;37,627576
22;55,756819;37,629708
22;55,756484;37,630483
22;55,754651;37,633084
22;55,754126;37,633489
22;55,753227;37,63352
27;55,864175;60,687107
28;57,690808;39,898463
28;57,689982;39,898903
28;57,688369;39,900458
28;57,68759;39,901108
28;57,686626;39,90148
28;57,685781;39,901538
28;57,684865;39,901214
28;57,684206;39,900718
28;57,683381;39,899735
29;54,972731;73,382259
29;54,971954;73,382446
29;54,970481;73,382821
29;54,969308;73,383301
29;54,968022;73,383831
29;54,967551;73,384027
