22;55,747889;37,698899
22;55,748608;37,702906
22;55,750325;37,711595
23;53,489018;43,861863
28;57,629422;39,885614
28;57,628364;39,884936
28;57,626928;39,884005
28;57,626795;39,883938
28;57,626326;39,883888
28;57,625475;39,88394
28;57,625269;39,884151
28;57,624699;39,884917
28;57,623002;39,887187
28;57,622906;39,887222
28;57,622805;39,887157
28;57,622582;39,88686
28;57,622469;39,886705
29;54,869082;73,296534
29;54,868944;73,29657
29;54,868851;73,296568
29;54,86874;73,29654
29;54,868133;73,296206
29;54,866211;73,295256
29;54,865374;73,294788
29;54,864178;73,29412
